3,2
3,1
3,3
195,5
10,16
195,4
195,3
195,2
10,150
195,1
195,0
192,5
192,4
192,3
192,2
10,172
10,246
10,24
192,1
192,0
189,5
189,4
189,3
10,162
189,2
189,1
189,0
186,3
10,252
186,2
186,1
186,0
185,5
185,4
185,3
185,2
185,1
185,0
184,3
10,102
11,10
11,24
11,12
11,25
184,2
184,1
184,0
183,4
183,3
183,2
183,1
183,0
8,10
8,15
8,2
182,4
182,3
182,2
182,1
182,0
181,3
181,2
181,1
181,0
20,2
20,3
20,1
19,3
19,2
19,1
12,3
12,2
12,1
11,30
11,27
11,23
11,22
11,20
11,17
11,14
11,9
11,8
11,7
11,6
11,5
11,3
11,2
11,1
10,295
10,284
10,266
10,257
10,245
10,231
10,222
10,179
10,158
10,140
10,137
10,124
10,115
10,108
10,14
18,1
10,9
10,3
10,2
18,3
14,1
14,3
13,1
10,1
9,7
13,3
9,6
9,5
9,4
